[header]
width=32
height=24
tilewidth=24
tileheight=24
orientation=orthogonal

[tilesets]
tileset=../../../../assets/graphics/Platformer assets pixel (900 assets)/spritesheet_rgba.png,23,23,0,0

[layer]
type=Tile Layer 1
data=
0,0,0,0,0,0,0,0,0,0,0,0,0,0,0,0,0,0,0,0,0,0,0,0,0,0,0,0,0,0,0,0,
0,0,0,0,0,0,0,0,0,0,0,0,0,0,0,0,0,0,0,0,0,0,0,0,0,0,0,0,0,0,0,0,
0,0,0,0,0,0,0,0,0,0,0,0,0,0,0,0,0,0,0,0,0,0,0,0,0,0,0,0,0,0,0,0,
0,0,0,0,0,0,0,0,0,0,0,0,0,0,0,0,0,0,0,0,0,0,0,0,0,0,0,0,0,0,0,0,
192,192,161,161,161,192,192,192,192,192,163,163,163,163,192,192,192,192,192,192,192,191,191,191,191,192,192,192,192,164,164,164,
192,0,0,0,0,0,0,0,0,0,0,0,0,0,0,0,0,0,0,0,0,0,0,0,0,0,0,0,0,0,0,164,
192,0,0,0,0,0,0,0,0,0,0,0,0,0,0,0,0,0,0,0,0,0,0,0,0,0,0,0,0,0,0,164,
194,192,192,192,192,0,0,0,0,0,0,0,0,0,0,0,0,0,0,0,0,0,0,0,0,0,0,192,192,192,192,164,
194,0,0,0,0,0,0,0,0,0,0,0,0,0,0,192,192,0,0,0,0,0,0,0,0,0,0,0,0,0,0,192,
194,0,0,0,0,0,0,193,192,192,0,0,0,0,0,192,192,162,0,0,0,0,192,192,194,0,0,0,0,0,0,192,
194,0,0,0,0,0,0,0,193,192,192,192,0,0,0,192,192,0,0,0,192,192,192,194,0,0,0,0,0,0,0,161,
192,192,192,192,0,0,0,0,0,193,192,192,192,0,192,192,192,192,0,192,192,192,194,0,0,0,0,0,192,192,192,161,
192,0,0,0,0,0,0,0,0,0,0,193,192,192,192,163,163,192,192,192,194,0,0,0,0,0,0,0,0,0,0,161,
192,0,0,0,0,0,0,0,0,0,0,0,0,0,192,163,163,192,0,0,0,0,0,0,0,0,0,0,0,0,0,161,
192,0,0,0,0,161,192,192,161,0,0,0,0,0,0,0,0,0,0,0,0,0,0,192,163,163,192,0,0,0,0,192,
192,0,0,0,0,0,0,0,0,0,0,0,0,0,0,0,0,0,0,0,0,0,0,0,0,0,0,0,0,0,0,192,
192,192,192,0,0,0,0,0,0,0,0,192,192,192,0,0,0,0,192,192,192,0,0,0,0,0,0,0,0,192,192,192,
191,192,192,192,0,0,0,0,0,0,192,192,192,192,192,192,192,192,192,192,192,192,0,0,0,0,0,0,192,192,163,192,
191,191,191,192,192,0,0,0,0,192,192,192,162,162,192,192,192,164,164,164,192,192,192,0,0,0,0,192,192,163,163,192,
192,191,191,192,192,192,192,192,192,192,162,162,162,192,192,192,164,164,164,192,192,192,192,192,192,192,192,192,163,163,192,192,
0,0,0,0,0,0,0,0,0,0,0,0,0,0,0,0,0,0,0,0,0,0,0,0,0,0,0,0,0,0,0,0,
0,0,0,0,0,0,0,0,0,0,0,0,0,0,0,0,0,0,0,0,0,0,0,0,0,0,0,0,0,0,0,0,
0,0,0,0,0,0,0,0,0,0,0,0,0,0,0,0,0,0,0,0,0,0,0,0,0,0,0,0,0,0,0,0,
0,0,0,0,0,0,0,0,0,0,0,0,0,0,0,0,0,0,0,0,0,0,0,0,0,0,0,0,0,0,0,0

[Object Layer 1]
# Player1
type=Player1
location=2,7,0,0

[Object Layer 1]
# Player2
type=Player2
location=29,7,0,0

[Object Layer 1]
# Flag2
type=Flag
location=27,7,0,0

[Object Layer 1]
# Flag1
type=Flag
location=4,7,0,0

[Object Layer 1]
# Flag3
type=Flag
location=15,8,0,0

[Object Layer 1]
# Flag4
type=Flag
location=2,11,0,0

[Object Layer 1]
# Flag5
type=Flag
location=29,11,0,0

[Object Layer 1]
# Flag6
type=Flag
location=16,17,0,0

