[header]
width=128
height=32
tilewidth=24
tileheight=24
orientation=orthogonal

[tilesets]
tileset=../../../assets/graphics/Platformer assets pixel (900 assets)/spritesheet_rgba.png,23,23,0,0

[layer]
type=TileLayer
data=
122,0,0,0,0,0,0,0,0,0,0,0,0,0,0,0,0,0,0,0,0,0,0,0,0,0,0,0,0,0,0,0,0,0,0,0,0,0,0,0,0,0,0,0,0,0,0,0,0,0,0,0,0,0,0,0,0,0,0,0,0,0,0,0,0,0,0,0,0,0,0,0,0,0,0,0,0,0,0,0,0,0,0,0,0,0,0,0,0,0,0,0,0,0,0,0,0,0,0,0,0,0,0,0,0,0,0,0,0,0,0,0,0,0,0,0,0,0,0,0,0,0,0,0,0,0,0,0,
153,0,122,0,0,122,0,0,122,0,0,122,0,0,122,0,0,122,0,0,122,0,0,122,0,0,122,0,0,122,0,0,122,0,0,122,0,0,122,0,0,122,0,0,122,0,0,122,0,0,122,0,0,122,0,0,122,0,0,122,0,0,122,0,0,122,0,0,122,0,0,122,0,0,122,0,0,122,0,0,122,0,0,122,0,0,122,0,0,122,0,0,122,0,0,122,122,122,122,122,122,122,122,122,122,122,122,122,122,122,122,122,122,122,122,122,122,122,122,122,122,122,122,122,122,122,122,122,
153,0,0,0,0,0,0,0,0,0,0,0,0,0,0,0,0,0,0,0,0,0,0,0,0,0,0,0,0,0,0,0,0,0,0,0,0,0,0,0,0,0,0,0,0,0,0,0,0,0,0,0,0,0,0,0,0,0,0,0,0,0,0,0,0,0,0,0,0,0,0,0,0,0,0,0,0,0,0,0,0,0,0,0,0,0,0,0,0,0,0,0,0,0,122,153,153,153,333,333,333,333,333,333,333,333,333,333,333,333,333,333,333,333,333,333,333,333,333,333,333,333,333,333,333,333,333,333,
153,122,0,0,0,0,0,0,0,0,0,0,0,0,0,0,0,0,0,0,0,0,0,0,0,0,0,0,0,0,0,0,0,0,0,0,0,0,0,0,0,0,0,0,0,0,0,0,0,0,0,0,0,0,0,0,0,0,0,0,0,0,0,0,0,0,0,0,0,0,0,0,0,0,0,0,0,0,0,0,0,0,0,0,0,0,0,0,0,0,0,0,0,122,153,153,153,153,333,333,333,333,333,333,333,333,333,333,333,333,333,333,333,333,333,333,333,333,333,333,333,333,333,333,333,333,333,333,
153,153,0,0,0,0,0,0,0,0,0,0,0,0,0,0,0,0,0,0,0,0,0,0,0,0,0,0,0,0,0,0,0,0,0,0,0,0,0,0,0,0,0,0,0,0,0,0,0,0,0,0,0,0,0,0,0,0,0,0,0,0,0,0,0,0,0,0,0,0,0,0,0,0,0,0,0,0,0,0,0,0,0,0,0,0,0,0,0,0,0,0,122,153,153,153,153,333,333,333,0,333,0,333,333,333,333,333,333,333,0,333,333,333,0,333,333,333,333,333,0,333,333,333,333,0,0,333,
153,153,0,0,0,0,0,0,0,0,0,0,0,0,0,0,0,0,0,0,0,0,0,0,0,0,0,0,0,0,0,0,0,0,0,0,0,0,0,0,0,0,0,0,0,0,0,0,0,0,0,0,0,0,0,0,0,0,0,0,0,0,0,0,0,0,0,0,0,0,0,0,0,0,0,0,0,0,0,0,0,0,0,0,0,0,0,0,0,0,0,122,153,153,153,153,333,333,333,333,0,0,0,333,0,0,0,333,333,0,0,0,333,333,0,333,0,0,333,0,0,0,0,333,0,0,0,0,
153,153,0,0,0,0,0,0,0,0,0,0,0,0,0,0,0,0,0,0,0,0,0,0,0,0,0,0,0,0,0,0,0,0,0,0,0,0,0,0,0,0,0,0,0,0,0,0,0,0,0,0,0,0,0,0,0,0,0,0,0,0,0,0,0,0,0,0,0,0,0,0,0,0,0,0,0,0,0,0,0,0,0,0,0,0,0,0,0,0,122,153,153,153,153,153,333,333,333,0,0,0,0,0,0,0,0,0,0,0,0,0,333,0,0,0,0,0,0,0,0,0,0,0,0,0,0,0,
153,153,122,0,0,0,0,0,0,0,0,0,0,0,0,0,0,0,0,0,0,0,0,0,0,0,0,0,0,0,0,0,0,0,0,0,0,0,0,0,0,0,0,0,0,0,0,0,0,0,0,0,0,0,0,0,0,0,0,0,0,0,0,0,0,0,0,0,0,0,0,0,0,0,0,0,0,0,0,0,0,0,0,0,0,0,0,122,122,122,153,153,153,153,153,333,333,333,333,0,0,0,0,0,0,0,0,0,0,0,0,0,0,0,0,0,0,0,0,0,0,0,0,0,0,0,0,0,
153,153,153,0,0,0,0,0,0,0,0,0,0,0,0,0,0,0,0,0,0,0,0,0,0,0,0,0,0,0,0,0,0,0,0,0,0,0,0,0,0,0,0,0,0,0,0,0,0,0,0,0,0,0,0,0,0,0,0,0,0,0,0,0,0,0,0,0,0,0,0,0,0,0,0,0,0,0,0,0,0,0,0,0,0,0,122,153,153,153,153,153,153,153,333,333,333,333,0,0,0,0,0,0,0,0,0,0,0,0,0,0,0,0,0,0,0,0,0,0,333,333,0,333,333,333,333,333,
153,153,153,122,0,0,0,0,0,0,0,0,0,0,0,0,0,0,0,0,0,0,0,0,0,0,0,0,0,0,0,0,0,0,0,0,0,0,0,0,0,0,0,0,0,0,0,0,0,0,0,0,0,0,0,0,0,0,0,0,0,0,0,0,0,0,0,0,0,0,0,0,0,0,0,0,0,0,0,0,0,0,0,0,0,122,153,153,153,153,153,153,153,333,333,333,333,333,0,0,0,0,0,0,0,0,0,0,0,0,0,0,0,0,0,0,0,0,0,0,333,0,0,0,333,333,333,333,
153,153,153,153,0,0,0,0,0,0,0,0,0,0,0,0,0,0,0,0,0,0,0,0,0,0,0,0,0,0,0,0,0,0,0,0,0,0,0,0,0,0,0,0,0,0,0,0,0,0,0,0,0,0,0,0,0,0,0,0,0,0,0,0,0,0,0,0,0,0,0,0,0,0,0,0,0,0,0,0,0,0,0,0,122,153,153,153,153,153,153,153,153,333,333,333,333,333,0,0,0,0,304,304,304,0,0,304,0,0,304,0,0,304,304,304,0,0,0,304,333,0,0,0,0,0,333,333,
153,153,153,153,0,0,0,0,0,0,0,0,0,0,0,0,0,0,0,0,0,0,0,0,0,0,0,0,0,0,0,0,0,0,0,0,0,0,0,0,0,0,0,0,0,0,0,0,0,0,0,0,0,0,0,0,0,0,0,0,0,0,0,0,0,0,0,0,0,0,0,0,0,0,0,122,123,123,123,122,0,0,0,0,153,153,153,153,153,153,153,153,333,333,333,333,333,0,0,0,304,304,333,333,333,0,0,0,0,0,0,0,0,333,333,0,0,0,304,333,0,0,0,0,0,0,0,0,
153,153,153,153,122,0,0,0,0,0,0,0,0,0,0,0,0,0,0,0,0,0,0,0,0,0,0,0,0,0,0,0,0,0,0,0,0,0,0,0,0,0,0,0,0,0,0,0,0,0,0,0,0,0,0,0,0,0,0,0,0,0,0,0,0,0,0,0,0,0,0,0,124,124,124,153,33,33,0,0,0,0,0,0,0,153,153,153,153,153,333,333,333,333,0,0,0,0,0,304,333,0,0,0,0,0,0,0,0,0,0,0,0,0,0,0,0,304,333,0,0,0,0,0,0,0,0,0,
153,153,153,153,153,0,0,0,0,0,0,0,0,0,0,0,0,0,0,0,0,0,0,0,0,0,0,0,0,0,0,0,0,0,0,0,0,0,0,0,0,0,0,0,0,0,0,0,0,0,0,0,0,122,122,0,0,0,0,0,0,0,0,0,0,0,0,0,0,0,0,123,153,33,33,33,33,0,0,0,0,0,0,0,0,153,153,153,153,333,333,333,333,0,0,0,304,304,304,0,0,0,0,0,0,0,0,0,0,0,0,0,0,0,0,0,304,0,0,0,0,0,0,0,0,304,304,304,
333,153,153,153,153,122,0,0,0,0,0,0,0,0,0,0,0,0,0,0,0,0,0,0,0,0,0,0,0,0,0,0,0,0,0,0,0,0,0,0,0,0,0,0,0,0,0,0,0,0,0,122,122,153,153,122,122,0,0,0,0,0,0,0,0,0,0,0,0,0,124,153,153,33,33,0,0,0,0,0,0,0,0,0,0,0,153,153,153,333,333,333,0,0,0,0,0,0,0,0,0,0,0,0,0,0,0,0,0,0,0,0,304,304,304,0,0,0,0,0,0,0,0,0,304,333,333,333,
333,153,153,153,153,153,122,122,122,0,0,0,0,0,0,0,0,0,0,0,0,0,0,0,0,0,0,0,0,0,0,0,0,0,0,0,0,0,0,0,0,0,0,0,0,0,0,0,0,0,122,153,153,153,153,153,0,0,0,0,0,0,0,0,0,0,0,0,0,124,153,153,0,0,0,0,0,0,0,0,0,0,0,0,0,0,333,333,333,333,333,0,0,0,0,0,0,0,0,0,0,0,0,0,0,0,0,0,0,0,304,0,0,0,0,0,0,0,0,0,0,0,0,304,333,333,333,333,
333,333,153,153,153,153,153,153,153,153,0,0,0,0,0,0,0,0,122,0,0,122,122,0,0,0,0,0,0,0,0,0,0,0,0,0,0,0,0,0,0,0,0,0,0,0,0,122,122,122,153,153,153,153,0,0,0,0,0,0,0,0,0,0,0,0,0,124,124,153,153,0,0,0,0,0,0,0,0,0,0,0,0,0,0,0,0,333,333,0,0,0,0,0,0,0,0,0,0,0,0,0,0,0,0,0,0,0,304,304,0,0,0,0,0,0,0,0,0,0,0,0,303,333,333,333,333,333,
333,333,153,153,153,153,153,153,153,153,122,0,0,0,0,0,0,122,153,0,0,153,153,122,0,0,0,0,122,122,0,0,0,0,0,0,0,0,0,0,0,0,0,0,0,0,122,153,153,153,153,153,0,0,0,0,122,122,0,0,0,0,0,0,0,0,124,153,153,0,0,0,0,0,0,0,0,0,0,0,0,0,0,0,0,0,0,0,0,0,0,0,0,0,0,0,0,0,0,0,0,0,0,0,0,304,304,0,0,0,0,0,0,0,0,0,0,0,0,0,0,303,333,333,333,333,333,333,
333,333,333,153,153,153,153,153,153,153,153,122,0,0,0,0,122,153,153,0,0,153,153,153,122,0,0,122,153,153,122,122,122,122,122,122,122,122,122,122,0,0,0,0,0,122,153,153,0,0,0,0,0,0,0,122,153,153,122,122,122,0,0,0,0,124,153,153,0,0,0,0,0,0,0,304,304,304,0,0,0,0,0,0,0,0,0,0,0,0,0,0,0,0,0,0,0,0,0,0,0,0,304,304,0,0,0,0,0,0,0,0,0,0,0,0,0,0,0,0,303,333,333,333,333,333,333,333,
333,333,333,333,333,153,333,153,153,153,153,155,0,0,122,122,153,153,153,0,0,153,153,153,153,0,0,153,153,153,153,153,153,153,153,153,153,153,153,153,122,122,122,122,122,153,0,0,0,0,0,0,0,0,122,153,153,153,153,153,153,122,124,124,124,153,0,0,0,0,0,0,0,0,304,333,333,333,304,0,0,0,0,0,0,0,0,0,0,0,0,0,0,304,304,304,304,304,0,304,304,0,0,0,0,0,304,304,0,0,0,0,0,0,0,0,0,0,0,303,333,333,333,333,333,333,333,333,
333,333,333,333,333,333,333,333,333,153,153,155,122,122,153,153,153,153,333,0,0,153,153,153,153,0,0,153,153,153,153,153,153,153,153,153,153,153,153,153,153,153,153,153,153,153,123,0,0,0,0,0,0,122,153,153,153,153,153,153,153,153,153,153,153,0,0,0,0,0,0,0,0,304,333,333,333,333,333,304,0,0,0,0,0,0,0,0,0,0,304,304,304,333,333,333,333,0,0,0,0,0,0,0,0,0,0,333,304,0,304,304,304,0,0,0,0,0,303,333,333,333,333,333,333,333,333,333,
333,333,333,333,333,333,333,333,333,153,153,153,153,153,153,153,153,333,333,0,0,0,153,153,153,0,0,333,153,333,153,153,153,153,153,153,153,333,153,153,153,153,153,153,153,153,153,123,0,0,122,122,122,153,153,153,153,153,153,153,153,153,153,0,0,0,0,0,304,304,304,0,304,333,333,333,333,333,333,333,304,0,0,0,0,0,0,304,304,304,333,333,333,333,333,333,0,0,0,0,0,0,0,0,0,0,0,0,0,0,0,0,0,304,303,0,0,303,333,333,333,333,333,333,333,333,333,333,
333,333,333,333,333,333,333,333,333,153,153,153,153,153,153,153,333,333,333,0,0,0,153,153,0,0,0,333,333,333,333,333,153,333,333,333,153,333,333,333,333,153,333,333,153,153,153,153,0,0,153,153,153,153,153,153,153,333,333,333,153,153,153,0,0,0,304,0,0,0,0,0,333,333,333,333,333,333,333,333,333,304,0,0,0,304,304,333,333,333,333,333,333,333,333,333,0,0,0,0,0,0,0,0,0,0,0,0,0,0,0,0,0,0,0,0,303,333,333,333,333,333,333,333,333,333,333,333,
333,333,333,333,333,333,333,333,333,333,153,153,153,153,153,333,333,0,333,0,0,0,0,153,0,0,0,0,333,333,333,333,333,333,333,333,333,333,333,333,333,333,333,333,333,333,153,153,0,0,153,153,153,153,153,333,333,333,333,333,333,333,333,304,304,304,333,0,0,0,0,0,333,333,333,333,333,333,333,333,333,333,304,302,304,333,333,333,333,333,333,333,333,333,333,0,0,0,0,0,0,0,0,0,0,0,0,0,0,0,0,0,0,303,303,303,333,333,333,333,333,333,333,333,333,333,333,333,
333,333,333,333,333,333,333,333,333,333,333,153,333,333,333,333,333,0,0,0,0,0,0,0,0,0,0,0,333,333,333,333,333,333,333,333,333,333,333,333,333,333,333,333,333,333,333,153,0,0,333,333,153,153,333,333,333,333,333,333,333,333,333,333,333,333,333,0,0,0,0,0,0,333,333,333,333,333,333,333,333,333,333,333,333,333,333,333,333,333,333,333,333,333,333,0,0,0,0,0,0,0,0,0,0,0,0,0,0,0,0,0,0,333,333,333,0,0,333,333,333,0,333,333,333,0,333,333,
333,333,333,333,333,333,333,333,333,333,333,333,333,333,333,333,333,0,0,0,0,0,0,0,0,0,0,0,0,333,0,333,0,333,333,0,333,333,0,0,333,333,333,0,333,0,333,333,0,0,333,333,333,333,333,333,333,333,333,333,333,333,333,333,333,333,333,0,0,0,0,0,0,0,333,333,333,333,333,333,333,333,0,333,333,0,333,333,0,0,333,0,333,333,333,0,0,0,0,0,0,0,0,0,0,0,0,0,0,0,0,0,0,333,0,0,0,0,333,333,333,0,0,333,0,0,333,333,
333,333,333,333,333,333,333,333,333,333,333,333,333,333,0,333,0,0,0,0,0,0,0,0,0,0,0,0,0,0,0,0,0,0,0,0,0,0,0,0,0,0,0,0,333,0,0,333,0,0,333,333,0,0,0,0,333,333,333,333,333,0,333,333,333,333,0,0,0,0,0,0,0,0,0,333,333,0,333,333,0,0,0,0,333,0,333,0,0,0,0,0,0,333,0,0,0,0,0,0,0,0,0,0,0,0,0,0,0,0,0,0,0,0,0,0,0,0,0,333,0,0,0,0,0,0,0,333,
333,333,333,333,333,333,333,333,333,333,333,333,333,333,0,0,0,0,0,0,0,0,0,0,0,0,0,0,0,0,0,0,0,0,0,0,0,0,0,0,0,0,0,0,0,0,0,0,0,0,0,0,0,0,0,0,0,0,333,0,0,0,0,333,333,0,0,0,0,0,0,0,0,0,0,0,0,0,0,333,0,0,0,0,0,0,0,0,0,0,0,0,0,0,0,0,0,0,0,0,0,0,0,0,0,0,0,0,0,0,0,0,0,0,0,0,0,0,0,0,0,0,0,0,0,0,0,0,
333,333,333,333,333,333,333,333,333,333,333,333,333,333,0,0,0,0,0,0,0,0,0,0,0,0,0,0,0,0,0,0,0,0,0,0,0,0,0,0,0,0,0,0,0,0,0,0,0,0,0,0,0,0,0,0,0,0,0,0,0,0,0,0,0,0,0,0,0,0,0,0,0,0,0,0,0,0,0,0,0,0,0,0,0,0,0,0,0,0,0,0,0,0,0,0,0,0,0,0,0,0,0,0,0,0,0,0,0,0,0,0,0,0,0,0,0,0,0,0,0,0,0,0,0,0,0,0,
333,333,333,333,333,333,333,333,333,333,333,333,333,333,0,0,0,0,0,0,0,0,0,0,0,0,0,0,0,0,0,0,0,0,0,0,0,0,0,0,0,0,0,0,0,0,0,0,0,0,0,0,0,0,0,0,0,0,0,0,0,0,0,0,0,0,0,0,0,0,0,0,0,0,0,0,0,0,0,0,0,0,0,0,0,0,0,0,0,0,0,0,0,0,0,0,0,0,0,0,0,0,0,0,0,0,0,0,0,0,0,0,0,0,0,0,0,0,0,0,0,0,0,0,0,0,0,0,
333,333,333,333,333,333,333,333,333,333,333,333,333,0,0,0,0,0,0,0,0,0,0,0,0,0,0,0,0,0,0,0,0,0,0,0,0,0,0,0,0,0,0,0,0,0,0,0,0,0,0,0,0,0,0,0,0,0,0,0,0,0,0,0,0,0,0,0,0,0,0,0,0,0,0,0,0,0,0,0,0,0,0,0,0,0,0,0,0,0,0,0,0,0,0,0,0,0,0,0,0,0,0,0,0,0,0,0,0,0,0,0,0,0,0,0,0,0,0,0,0,0,0,0,0,0,0,0,
333,333,333,333,333,333,333,333,333,333,333,333,333,0,0,0,0,0,0,0,0,303,0,0,303,0,0,303,0,0,303,0,0,303,0,0,303,0,0,303,0,0,303,0,0,303,0,0,303,0,0,303,0,0,303,0,0,303,0,0,303,0,0,303,0,0,303,0,0,303,0,0,303,0,0,303,0,0,303,0,0,303,0,0,303,0,0,303,0,0,303,0,0,303,0,0,303,0,0,303,0,0,303,0,0,303,0,0,303,0,0,303,0,0,303,0,0,303,0,0,303,0,0,303,303,303,303,303

[ObjectLayer]
# Coin1
type=Coin
location=53,13,0,0

[ObjectLayer]
# Coin2
type=Coin
location=45,20,0,0

[ObjectLayer]
# Coin3
type=Coin
location=47,21,0,0

[ObjectLayer]
# Coin4
type=Coin
location=73,12,0,0

[ObjectLayer]
# Coin5
type=Coin
location=63,23,0,0

[ObjectLayer]
# Coin6
type=Coin
location=64,23,0,0

[ObjectLayer]
# Coin7
type=Coin
location=65,23,0,0

[ObjectLayer]
# Coin8
type=Coin
location=83,23,0,0

[ObjectLayer]
# Coin9
type=Coin
location=113,23,0,0

[ObjectLayer]
# Coin10
type=Coin
location=116,13,0,0

[ObjectLayer]
# Coin11
type=Coin
location=121,17,0,0

[ObjectLayer]
# Coin12
type=Coin
location=100,11,0,0

[ObjectLayer]
# Coin13
type=Coin
location=99,12,0,0

[ObjectLayer]
# Coin14
type=Coin
location=98,13,0,0

[ObjectLayer]
# Player
type=Player
location=12,20,0,0

