[header]
width=32
height=24
tilewidth=24
tileheight=24
orientation=orthogonal

[tilesets]
tileset=../../../../assets/graphics/Platformer assets pixel (900 assets)/spritesheet_rgba.png,23,23,0,0

[layer]
type=Tile Layer 1
data=
0,0,0,0,0,0,0,0,0,0,0,0,0,0,0,0,0,0,0,0,0,0,0,0,0,0,0,0,0,0,0,0,
0,0,0,0,0,0,0,0,0,0,0,0,0,0,0,0,0,0,0,0,0,0,0,0,0,0,0,0,0,0,0,0,
0,0,0,0,0,0,0,0,0,0,0,0,0,0,0,0,0,0,0,0,0,0,0,0,0,0,0,0,0,0,0,0,
0,0,0,0,0,0,0,0,0,0,0,0,0,0,0,0,0,0,0,0,0,0,0,0,0,0,0,0,0,0,0,0,
155,0,0,0,0,0,0,0,0,0,335,0,335,0,335,0,0,335,0,335,0,335,0,0,0,0,0,0,0,0,0,333,
155,0,0,0,0,0,0,0,0,0,335,335,335,335,335,335,335,335,335,335,335,335,0,0,0,0,0,0,0,0,0,155,
333,0,0,0,0,0,0,0,0,0,335,335,0,335,0,335,335,0,335,0,335,335,0,0,0,0,0,0,0,0,0,155,
155,0,0,0,0,0,0,0,0,0,0,335,335,335,335,335,335,335,335,335,335,0,0,0,0,0,0,0,0,0,0,155,
155,122,122,156,0,0,0,0,0,0,0,335,335,0,0,0,0,0,0,335,335,0,0,0,0,0,0,0,152,122,122,155,
155,155,155,0,0,0,0,0,0,0,0,335,0,0,0,0,0,0,0,0,335,0,0,0,0,0,0,0,0,155,155,155,
333,155,0,0,0,122,122,154,0,0,0,0,0,0,0,306,304,0,0,0,0,0,0,0,126,122,122,0,0,0,155,333,
155,155,0,0,0,155,155,0,0,0,0,0,0,0,0,0,0,0,0,0,0,0,0,0,0,153,155,0,0,0,155,333,
333,155,0,0,0,0,0,0,0,0,122,335,335,336,0,0,0,0,332,335,335,122,0,0,0,0,0,0,0,0,155,155,
155,155,0,0,0,0,0,0,0,122,155,155,155,0,0,0,0,0,0,155,155,155,122,0,0,0,0,0,0,0,155,155,
155,155,0,0,0,0,0,0,122,155,155,0,0,0,0,304,304,0,0,0,0,155,155,122,0,0,0,0,0,0,333,155,
155,155,0,0,0,0,0,122,155,155,0,0,0,0,0,0,0,0,0,0,0,0,155,155,122,0,0,0,0,0,155,155,
333,155,0,0,0,0,122,335,335,335,0,0,0,335,0,0,0,0,335,0,0,0,335,335,335,122,0,0,0,0,155,155,
155,155,0,0,122,122,335,335,335,0,0,0,335,0,0,0,0,0,0,335,0,0,0,335,335,335,122,122,0,0,155,333,
155,155,0,0,0,0,0,0,0,0,0,0,0,0,0,304,304,0,0,0,0,0,0,0,0,0,0,0,0,0,155,155,
155,155,155,155,155,155,335,335,335,335,304,304,304,335,335,335,335,335,335,335,335,335,304,304,304,304,155,155,155,155,155,155,
0,0,0,0,0,0,0,0,0,0,0,0,0,0,0,0,0,0,0,0,0,0,0,0,0,0,0,0,0,0,0,0,
0,0,0,0,0,0,0,0,0,0,0,0,0,0,0,0,0,0,0,0,0,0,0,0,0,0,0,0,0,0,0,0,
0,0,0,0,0,0,0,0,0,0,0,0,0,0,0,0,0,0,0,0,0,0,0,0,0,0,0,0,0,0,0,0,
0,0,0,0,0,0,0,0,0,0,0,0,0,0,0,0,0,0,0,0,0,0,0,0,0,0,0,0,0,0,0,0

[Object Layer 1]
# Player2
type=Player2
location=29,8,0,0

[Object Layer 1]
# Player1
type=Player1
location=2,8,0,0

[Object Layer 1]
# Flag5
type=Flag
location=29,19,0,0

[Object Layer 1]
# Flag4
type=Flag
location=2,19,0,0

[Object Layer 1]
# Flag1
type=Flag
location=16,10,0,0

[Object Layer 1]
# Flag2
type=Flag
location=15,14,0,0

[Object Layer 1]
# Flag3
type=Flag
location=16,18,0,0

