[header]
width=32
height=24
tilewidth=24
tileheight=24
orientation=orthogonal

[tilesets]
tileset=../../../../assets/graphics/Platformer assets pixel (900 assets)/spritesheet_rgba.png,23,23,0,0

[layer]
type=Tile Layer 1
data=
0,0,0,0,0,0,0,0,0,0,0,0,0,0,0,0,0,0,0,0,0,0,0,0,0,0,0,0,0,0,0,0,
0,0,0,0,0,0,0,0,0,0,0,0,0,0,0,0,0,0,0,0,0,0,0,0,0,0,0,0,0,0,0,0,
0,0,0,0,0,0,0,0,0,0,0,0,0,0,0,0,0,0,0,0,0,0,0,0,0,0,0,0,0,0,0,0,
0,0,0,0,0,0,0,0,0,0,0,0,0,0,0,0,0,0,0,0,0,0,0,0,0,0,0,0,0,0,0,0,
766,766,766,766,766,766,766,767,767,767,767,766,766,766,768,768,766,766,766,766,767,767,766,766,768,768,766,766,766,767,767,766,
766,0,0,0,0,0,0,0,0,0,0,0,0,766,740,766,766,766,766,766,767,766,766,771,0,0,0,0,0,0,0,766,
766,0,0,0,0,0,766,0,0,0,0,766,766,766,766,766,0,0,0,0,0,0,0,0,0,0,0,0,766,0,0,766,
766,0,0,766,768,766,769,0,0,0,0,0,0,0,0,0,0,0,0,0,0,0,0,0,0,0,0,0,768,766,0,766,
767,0,0,766,768,0,0,0,0,0,0,0,0,0,0,766,767,0,0,0,0,0,766,0,0,766,0,0,0,0,0,768,
767,0,766,741,0,0,0,0,0,0,739,766,0,0,0,0,765,768,0,0,0,0,765,768,768,771,0,0,0,0,0,766,
766,0,0,0,0,0,0,0,0,0,0,768,766,0,0,0,0,766,0,0,0,0,0,0,0,0,0,0,0,0,766,766,
766,0,0,0,0,0,767,766,0,0,0,0,0,0,0,0,0,0,0,0,0,0,0,0,0,0,0,0,0,0,741,766,
766,766,765,0,0,0,766,0,0,0,0,0,0,0,0,0,0,0,0,0,739,767,767,0,0,0,766,768,766,766,767,766,
766,767,766,766,0,0,766,0,0,0,768,0,0,0,0,0,0,0,0,0,0,0,766,0,0,0,766,769,0,766,767,767,
766,0,0,0,0,0,0,0,0,0,739,768,0,0,0,0,766,0,0,0,0,0,0,0,0,0,0,0,0,0,766,766,
768,0,0,0,0,768,766,0,0,0,0,739,766,0,0,768,769,0,0,0,0,0,0,0,0,0,0,0,0,0,0,766,
768,0,0,0,766,0,0,0,769,0,0,0,0,0,0,766,0,0,0,766,766,768,768,739,0,0,739,766,766,0,0,768,
768,0,0,0,0,0,0,0,766,768,768,765,0,0,0,0,0,0,0,0,0,767,766,0,0,0,0,0,0,0,0,768,
766,0,0,0,0,0,0,0,766,768,768,766,771,0,0,0,0,0,0,0,0,0,0,0,0,0,0,0,0,0,766,766,
766,766,766,767,767,767,767,767,767,766,766,766,766,768,768,768,768,768,766,766,766,766,766,766,766,767,767,767,766,766,766,766,
0,0,0,0,0,0,0,0,0,0,0,0,0,0,0,0,0,0,0,0,0,0,0,0,0,0,0,0,0,0,0,0,
0,0,0,0,0,0,0,0,0,0,0,0,0,0,0,0,0,0,0,0,0,0,0,0,0,0,0,0,0,0,0,0,
0,0,0,0,0,0,0,0,0,0,0,0,0,0,0,0,0,0,0,0,0,0,0,0,0,0,0,0,0,0,0,0,
0,0,0,0,0,0,0,0,0,0,0,0,0,0,0,0,0,0,0,0,0,0,0,0,0,0,0,0,0,0,0,0

[Object Layer 1]
# Player1
type=Player1
location=2,12,0,0

[Object Layer 1]
# Player2
type=Player2
location=28,12,0,0

[Object Layer 1]
# Flag2
type=Flag
location=23,9,0,0

[Object Layer 1]
# Flag1
type=Flag
location=5,7,0,0

[Object Layer 1]
# Flag5
type=Flag
location=22,16,0,0

[Object Layer 1]
# Flag3
type=Flag
location=10,17,0,0

[Object Layer 1]
# Flag4
type=Flag
location=16,14,0,0

